000000000000000000000000000000000000000000000000000000000000000000000000000000000000
031111111111111400000000000000000000000000000000000000000000000000000000000000000000
011111111111111100000000000000000000000000000000000000000000000000000000000000000000
011111111111111100000000000000000000000000000000000000000000000000000000000000000000
011111111111111100000000000000000000000000000000000000000000000000000000000000000000
011111111111111100000000000000000000000000000000000000000000000000000000000000000000
011111700081111100000000000000000000000000000000000000000000000000000000000000000000
011111000001111100000000000000000000000000000000000000000000000000000000000000000000
011111000001111100000000000000000000000000000000000000000000000000000000000000000000
011111000001111100000000000000000000000000000000000000000000000000000000000000000000
011111000001111100000000000000000000000000000000000000000000000000000000000000000000
011111000001111160000000000000000000000000000000000000000000000000000000000000000000
011111000001111111111111111111111111A11111111111111111111111111111111111111111111140
011111000001111111111111111111111111A11111111111111111111111111111111111111111111110
011111000001111111111111111111111111A11111111111111111111111111111111111111111111110
011111000001111111111111111111111111A11111111111111111111111111111111111111111111110
011111000002111111111111111111111111A11111111111111111111111111111111111111111111110
011111000000000000000000000000000000000000000000000000000000000000000000000008111110
011111000000000000000000000000000000000000000000000000000000000000000000000000111110
011111000000000000000000000000000000000000000000000000000000000000000000000000111110
011111000000000000000000000000000000000000000000000000000000000000000000000000111110
011111600000000000000000000000000000000000000000000000000000000000000000000000111110
011111111111111111111111111111111111111111111111111111111111111114000000000000111110
011111111111111111111111111111111111111111111111111111111111111111000000000000111110
011111111111111111111111111111111111B11111111111111111111111111111000000000000111110
011111111111111111111111111111111111111111111111111111111111111111000000000000111110
021111111111111111111111111111111111111111111111111111111111111111000000000000111110
000000000000000000000000000000000000000000000000000000000000811111000000000000111110
000000000000000000000000000000000000000000000000000000000000011111000000000000111110
000000000000000000000000000000000000000000000000000000000000011111600000000009111110
000000000000000000000000000000000000000000000000000000000000011111111111111111111110
000000000000000000000000000000000000000000000000000000000000011111111111111111111110
000000000000000000000000000000000000000000000000000000000000011111111111111111111110
000000000000000000000000000000000000000000000000000000000000011111111111111111111110
000000000000000000000000000000000000000000000000000000000000021111111111111111111150
000000000000000000000000000000000000000000000000000000000000000000000000000000000000